
setup: 6.5128631591796875
resize-videos: 459.10881209373474
save-resized-videos: 3.979726791381836
load-videos: 0.09442949295043945
define-query: 0.00013494491577148438
process-and-annotate: 8.55706524848938
process-and-objects: 2.384185791015625e-05