
setup: 6.743631362915039
resize-videos: 439.453937292099
save-resized-videos: 4.1265246868133545
load-videos: 0.10113120079040527
define-query: 0.00011086463928222656
process-and-annotate: 259.0474998950958
process-and-objects: 0.04327893257141113