
setup: 2.2326526641845703
resize-videos: 486.4887521266937
save-resized-videos: 3.8590893745422363
load-videos: 0.6903536319732666
define-query: 0.00019741058349609375
process-and-annotate: 249.85692429542542
process-and-objects: 0.002302408218383789