
setup: 6.576718091964722
resize-videos: 3261.560837984085
load-videos: 0.7352137565612793
define-query: 0.00010061264038085938
process-and-annotate: 1372.4806866645813
process-and-objects: 0.03645896911621094
process-and-objects: 0.045207977294921875