
setup: 6.470590591430664
resize-videos: 3433.449921607971
load-videos: 9.533871412277222
define-query: 0.00010943412780761719
process-and-annotate: 32091.63968014717
process-and-objects: 0.4355306625366211